Epoch	AverageEpRet	StdEpRet	MaxEpRet	MinEpRet	EpLen	AverageVValStdVVals	MaxVVals	MinVVals	TotalEnvInteracts	LossPi	LossV	DeltaLossPiDeltaLossV	Entropy	Risk	ExpectedRet	KL	Time
0	21.44086	11.677533	102.0	8.0	21.44086	-0.05509265	0.21288453	0.1792524	-0.44770843	4000	-0.0008409953	472.6194	0.0	-159.46301	0.68862224	-9.218519	29.552141	-2.682209e-10	2.769707202911377
1	31.456694	16.54236	100.0	10.0	31.456694	3.0898266	5.840328	8.641145	-8.609574	8000	-0.006076175	462.32675	0.0	-101.256744	0.66396886	-0.9962692	39.903442	5.811453e-10	5.1148059368133545
2	33.54622	17.523933	102.0	12.0	33.54622	8.692418	6.8120933	15.066851	-11.024356	12000	-0.016294416	369.46133	0.0	-67.258026	0.6283447	7.355133	40.37754	4.917383e-10	7.500720262527466
3	53.643837	29.146004	175.0	17.0	53.643837	11.01075	9.631747	19.061062	-16.514889	16000	-0.009217115	671.7829	0.0	-168.4538	0.59151655	5.13575	67.207275	-9.76026e-10	9.853403568267822
4	74.56604	32.996574	180.0	26.0	74.56604	14.329499	17.04672	25.664618	-24.62849	20000	-0.0023462453	1858.8383	0.0	-536.01074	0.556041	-35.14263	103.54076	2.8312205e-10	12.222158670425415
5	97.02439	36.645622	200.0	47.0	97.02439	13.870462	28.987057	34.76846	-34.732548	24000	-0.0049795182	1929.3795	0.0	-315.7887	0.5338543	-53.95034	136.03136	-4.1723253e-10	14.569667100906372
6	101.20513	37.129143	200.0	43.0	101.20513	13.97895	38.130154	43.750458	-44.031967	28000	0.0013561916	2264.769	0.0	-273.4381	0.49532345	-84.179756	150.2609	-6.705523e-10	17.172829389572144
7	110.138885	40.573086	200.0	53.0	110.138885	21.32411	43.402386	51.58934	-52.194626	32000	-0.0028945443	2301.2295	0.0	-168.84277	0.47726795	-93.12343	162.69656	-1.2367963e-09	19.730336904525757
8	133.86208	22.157312	173.0	80.0	133.86208	41.811047	32.42922	55.146996	-55.992737	36000	-0.01520512	975.7217	0.0	-177.68817	0.47368112	30.371567	163.0939	1.6614795e-09	22.283519744873047
9	174.09091	31.188446	200.0	115.0	174.09091	46.543194	19.197102	54.780296	-49.987053	40000	-0.010301264	697.5848	0.0	-177.05249	0.46665546	78.99923	200.06676	1.2591481e-09	24.594024658203125
10	177.54546	34.772938	200.0	60.0	177.54546	42.285374	22.014631	57.74111	-49.92935	44000	-0.012192096	646.18115	0.0	-72.19153	0.45924443	75.474625	202.879	1.0430813e-10	26.9444580078125
11	193.6	16.365818	200.0	136.0	193.6	45.551914	17.57109	61.475437	-49.361977	48000	-0.0043000686	502.89545	0.0	-50.716522	0.4564219	89.52743	220.43909	4.246831e-10	29.375787496566772
12	196.45	15.474092	200.0	129.0	196.45	48.55371	15.192887	65.05377	-46.512005	52000	-0.022636827	433.47864	0.0	-33.264954	0.44651505	120.56498	212.80739	1.0505319e-09	31.799541234970093
13	155.68	19.080294	200.0	126.0	155.68	52.832954	15.960151	67.830605	-44.79022	56000	-0.013337887	463.1148	0.0	-145.03427	0.4360642	60.406357	181.14526	-1.1697412e-09	34.45120573043823
14	156.8	21.06751	200.0	118.0	156.8	45.673744	18.15126	69.5169	-46.712524	60000	-0.0109028965	294.41672	0.0	-22.0849	0.42605704	65.0936	179.70653	-1.5199184e-09	36.887688875198364
15	189.0	10.875923	200.0	158.0	189.0	44.072876	17.736433	71.39208	-40.224773	64000	-0.00489867	370.20502	0.0	-66.00708	0.41984028	91.65624	209.53525	-5.2154064e-10	39.20973443984985
16	198.3	3.4655447	200.0	187.0	198.3	51.44461	16.205023	73.94644	-38.87364	68000	-0.015494871	350.4745	0.0	-31.370026	0.41281092	125.19828	211.95493	-1.5646219e-09	41.947280168533325
17	200.0	0.0	200.0	200.0	200.0	52.945522	18.14362	75.80052	-39.010803	72000	-0.014534022	340.92575	0.0	-23.04126	0.4033867	109.42653	226.25383	-1.6093255e-09	44.77328538894653
18	199.15	2.779838	200.0	188.0	199.15	54.618664	16.777517	77.89516	-34.140446	76000	-0.0053478614	327.27826	0.0	-18.74054	0.39324275	119.3837	213.19995	-2.0861626e-10	47.506134033203125
19	200.0	0.0	200.0	200.0	200.0	57.398705	15.1842785	79.438286	-29.97953	80000	-0.010864969	360.14874	0.0	-70.733	0.38454127	117.46505	224.37712	-7.4505807e-10	49.94506883621216
20	200.0	0.0	200.0	200.0	200.0	59.219257	15.133529	80.89877	-19.550816	84000	-0.002784036	441.998	0.0	-97.55649	0.3773596	133.09041	220.99629	-3.7252902e-11	52.82419013977051
21	200.0	0.0	200.0	200.0	200.0	58.857296	25.695108	82.19131	-54.20607	88000	-0.0036898258	889.61285	0.0	-188.80219	0.37505975	82.88118	234.8748	-1.6391277e-10	55.82358980178833
22	200.0	0.0	200.0	200.0	200.0	51.588806	32.861176	83.611404	-56.66353	92000	-0.0028539572	986.8043	0.0	-126.77814	0.37164742	29.98415	249.45808	4.842877e-10	58.46548938751221
23	200.0	0.0	200.0	200.0	200.0	43.233593	47.4534	87.49799	-58.39319	96000	-0.0013894457	1708.257	0.0	-283.19775	0.3696491	-78.18014	278.46597	-1.3411044e-10	60.86200737953186
24	200.0	0.0	200.0	200.0	200.0	21.253613	71.22181	92.25862	-63.90411	100000	-0.0017329602	2902.0938	0.0	-646.28174	0.36215788	-260.54495	326.1763	-3.9488077e-10	63.71885347366333
25	200.0	0.0	200.0	200.0	200.0	21.477114	83.54824	98.26646	-81.244995	104000	0.0049351775	2008.9105	0.0	-117.25012	0.35958755	-211.70401	314.62488	1.899898e-09	66.71955513954163
26	200.0	0.0	200.0	200.0	200.0	46.471672	57.430084	100.286705	-86.49078	108000	0.0023314066	1495.3702	0.0	-707.229	0.3565822	26.577347	250.6831	-8.046627e-10	69.09470343589783
27	200.0	0.0	200.0	200.0	200.0	44.25332	23.746141	98.58875	-77.23332	112000	-0.0048000747	766.54095	0.0	-375.3581	0.35791436	135.90616	219.02301	1.4081597e-09	71.65338349342346
28	200.0	0.0	200.0	200.0	200.0	48.809563	19.55404	102.07771	-72.88069	116000	-0.004129765	419.98187	0.0	-107.602905	0.36198682	140.11848	217.548	1.5646219e-10	74.15274095535278
29	200.0	0.0	200.0	200.0	200.0	54.645008	22.875069	102.81775	-79.299736	120000	-0.0044956957	313.25787	0.0	-22.2872	0.36764094	114.18199	224.33209	-7.8231094e-10	77.12300515174866
30	200.0	0.0	200.0	200.0	200.0	54.38792	18.619513	102.61528	-23.229233	124000	0.0014210122	319.94525	0.0	-9.876312	0.37533978	144.33319	216.48325	-1.9073487e-09	79.70045328140259
31	200.0	0.0	200.0	200.0	200.0	55.924328	17.763391	102.8207	-43.392803	128000	0.0033827347	282.34662	0.0	-6.4467773	0.3826605	144.23978	216.53816	1.2814999e-09	82.34377861022949
32	200.0	0.0	200.0	200.0	200.0	61.214687	15.0899515	103.20182	-30.78484	132000	0.0041264165	385.55194	0.0	-75.26395	0.39265594	145.30228	216.95045	4.4703483e-10	84.97575068473816
33	200.0	0.0	200.0	200.0	200.0	58.887524	17.657103	103.38519	-51.111282	136000	-0.015546589	324.03006	0.0	-24.483032	0.3917733	131.06815	220.75919	-1.4901162e-11	87.73176431655884
34	200.0	0.0	200.0	200.0	200.0	61.057022	15.885597	103.335075	-47.953167	140000	-0.0016095452	420.17816	0.0	-74.76999	0.39753252	140.34645	219.257	-8.2701446e-10	90.35203218460083
35	200.0	0.0	200.0	200.0	200.0	62.60743	16.462358	103.344696	-48.52143	144000	0.0015337407	592.5889	0.0	-122.804565	0.41243342	131.95804	221.74883	4.1723253e-10	93.01148533821106
36	200.0	0.0	200.0	200.0	200.0	59.489326	32.223186	103.66279	-76.65748	148000	-0.0102903955	1330.946	0.0	-543.2604	0.4258854	29.468552	250.07817	9.387732e-10	95.4588053226471
37	200.0	0.0	200.0	200.0	200.0	36.907505	53.579575	102.12278	-86.29536	152000	0.0011499308	927.66425	0.0	-115.213135	0.43292713	-46.329224	269.47598	1.3262034e-09	98.05368399620056
38	200.0	0.0	200.0	200.0	200.0	41.28333	32.147205	102.55341	-78.23358	156000	-0.0015613277	655.3822	0.0	-130.37805	0.44226217	62.88103	239.0707	1.3113022e-09	100.95727467536926
39	200.0	0.0	200.0	200.0	200.0	47.846416	22.713804	104.65817	-53.43418	160000	0.0012598906	481.43542	0.0	-71.72879	0.45572838	101.93156	228.7714	-1.475215e-09	103.5988621711731
40	188.7619	24.748074	200.0	124.0	188.7619	51.941586	31.218538	107.39912	-72.43893	164000	-0.010402275	641.00775	0.0	-115.21631	0.46802664	40.748154	224.20924	2.078712e-09	106.13320350646973
41	197.75	6.970474	200.0	172.0	197.75	48.975464	27.384388	107.01095	-70.649796	168000	-0.012554203	586.8805	0.0	-44.404602	0.46342295	58.076035	229.07558	-2.4884939e-09	108.59714984893799
42	200.0	0.0	200.0	200.0	200.0	45.73739	27.308336	107.234474	-65.63633	172000	-0.010480497	524.53784	0.0	-33.275055	0.463685	72.896286	236.22263	2.041459e-09	111.47043943405151
43	195.0	16.04369	200.0	132.0	195.0	48.719208	34.50129	110.22384	-76.638084	176000	-0.009989209	580.7456	0.0	-63.13745	0.46456045	44.078568	232.91377	1.7881393e-09	113.96791100502014
44	200.0	0.0	200.0	200.0	200.0	44.86606	25.824915	110.78739	-77.52782	180000	-0.019496791	599.5156	0.0	-48.03827	0.45943847	95.28194	230.42241	-9.536744e-10	116.57827615737915
45	200.0	0.0	200.0	200.0	200.0	48.13288	19.86809	111.55006	-72.492325	184000	-0.0070587676	543.7945	0.0	-65.555115	0.45790932	150.10492	215.45018	1.937151e-10	119.52952361106873
46	200.0	0.0	200.0	200.0	200.0	58.61752	29.183258	113.06108	-84.01863	188000	-0.00092976744	585.8824	0.0	-138.84729	0.4505348	63.236748	240.05167	1.2814999e-09	122.06903958320618
47	200.0	0.0	200.0	200.0	200.0	47.71928	39.573208	113.69992	-82.042595	192000	0.00016546786	1117.8525	0.0	-303.38727	0.4408098	-19.430712	263.5692	6.705522e-11	124.57622146606445
48	200.0	0.0	200.0	200.0	200.0	25.292944	81.70554	117.65174	-86.80609	196000	0.0018260524	2282.1694	0.0	-533.42554	0.4315804	-225.94388	317.8845	-1.6763806e-09	127.71011972427368
49	200.0	0.0	200.0	200.0	200.0	14.89902	95.12355	110.36877	-91.14081	200000	0.002380865	1883.0024	0.0	-99.010376	0.43413737	-270.11578	329.24615	-1.2665988e-10	130.33631324768066
